700 208703
710 203257
720 197882
730 192575
740 187344
740 187345
750 182185
760 177937
770 172911
780 168364
790 164689
800 159857
810 156674
820 151954
830 148851
840 145780
850 141985
860 138985
870 135281
880 132351
890 129455
900 127303
900 126592
910 123764
920 121658
930 118883
940 116140
950 113429
960 111415
970 108761
980 106792
990 104838
1000 102263
1010 100351
1020 98461
1030 96586
1040 94729
1050 92892
1060 91071
1070 89867
1080 87481
1090 86302
1100 84837
1110 82809
1120 81662
1130 80523
1140 78830
1140 78827
1150 77153
1160 76044
1170 74947
1180 73310
1190 72231
1200 71158
1210 70095
1220 69039
1230 67991
1240 66951
1250 65919
1260 64896
1270 63881
1280 62872
1290 61873
1300 60879
1310 59897
1320 58918
1330 57953
1340 56994
1350 56042
1360 55098
1370 54627
1380 53697
1390 52773
1400 52315
1410 51402
1420 50723
1430 50048
1440 49156
1450 48713
1460 47835
1470 47396
1480 46530
1490 46097
1500 45669
1510 44819
1520 43974
1530 43974
1540 43139
1550 42312
1560 42311
1570 41491
1580 40679
1590 40679
1600 39876
1610 39080
1620 39080
1630 38291
1640 38291
1650 37510
1660 37124
1670 36739
1680 35976
1690 35975
1700 35222
1710 34841
1720 34470
1730 34098
1740 33733
1750 33364
1760 33001
1770 32637
1780 32277
1790 31914
1800 31557
1810 31203
1820 30854
1830 30502
1840 30154
1850 29806
1860 29461
1870 29118
1880 28777
1890 28438
1900 28437
1910 27765
1920 27764
1930 27433
1940 27102
1950 26773
1960 26443
1970 26444
1980 25796
1990 25795
2000 25476
2010 25154
2010 25155
2020 25154
2030 24526
2040 24526
2060 23902
2070 23903
2080 23591
2080 23438
2090 23288
2100 23286
2110 22676
2120 22677
2130 22678
2140 22078
2150 22078
2160 22077
2170 21484
2180 21485
2190 21485
2200 20902
2210 20902
2220 20904
2230 20326
2240 20326
2250 20323
2260 19758
2270 19757
2290 19337
2300 19198
2310 19200
2320 18923
2330 18647
2340 18647
2350 18375
2360 18101
2370 18104
2380 18102
2390 17833
2400 17566
2410 17568
2420 17299
2430 17297
2440 17039
2450 17039
2460 16780
2470 16777
2480 16519
2490 16518
2500 16261
2510 16007
2520 16006
2530 16007
2540 15757
2550 15758
2560 15505
2570 15505
2580 15254
2590 15254
2600 15007
2610 15008
2620 14765
2630 14763
2640 14517
2650 14517
2660 14277
2670 14276
2680 14277
2690 14038
2700 13805
2710 13805
2720 13804
2730 13568
2740 13567
2750 13333
2760 13334
2770 13333
2780 13102
2790 13103
2800 12880
2810 12879
2820 12879
2830 12648
2840 12425
2850 12424
2860 12424
2870 12424
2880 12204
2890 11982
2900 11982
2910 11984
2920 11983
2940 11764
2940 11762
2950 11542
2960 11543
2970 11543
2970 11546
2980 11542
2990 11331
3000 11118
3010 11116
3020 11118
3030 11119
3040 11119
3050 10906
3060 10694
3070 10694
3080 10695
3090 10693
3100 10693
3110 10283
3120 10285
3130 10285
3140 10284
3150 10286
3150 10285
3160 10286
3170 9980
3180 9879
3190 9877
3200 9878
3210 9880
3220 9880
3230 9880
3240 9485
3250 9487
3260 9486
3270 9486
3280 9487
3290 9486
3300 9294
3310 9094
3320 9095
3330 9094
3340 9096
3350 9095
3360 9096
3370 8905
3380 8716
3390 8717
3400 8716
3410 8718
3420 8718
3430 8718
3440 8530
3450 8343
3460 8344
3470 8343
3480 8341
3490 8343
3500 8342
3510 8343
3520 8161
3530 7981
3540 7981
3540 7981
3550 7979
3560 7981
3570 7982
3580 7982
3590 7802
3600 7802
3610 7622
3620 7622
3630 7623
3640 7626
3650 7626
3660 7626
3670 7450
3690 7449
3700 7275
3710 7275
3720 7276
3730 7277
3740 7278
3740 7278
3750 7277
3760 7105
3770 7102
3780 6933
3790 6933
3800 6932
3810 6932
3820 6936
3830 6936
3840 6935
3850 6767
3860 6766
3870 6767
3880 6603
3890 6605
3900 6605
3910 6606
3920 6605
3930 6605
3940 6439
3950 6440
3960 6439
3970 6440
3980 6277
4000 6279
4010 6280
4020 6281
4030 6280
4040 6118
4050 6118
4060 6118
4070 6119
4080 5963
4090 5963
4100 5965
4110 5965
4120 5965
4130 5966
4140 5807
4150 5808
4170 5807
4180 5808
4190 5653
4200 5655
4210 5654
4230 5654
4240 5580
4250 5503
4260 5504
4270 5505
4280 5504
4290 5503
4300 5359
4310 5356
4320 5357
4330 5358
4340 5358
4350 5359
4360 5208
4370 5209
4380 5208
4390 5208
4400 5208
4410 5208
4420 5062
4430 5062
4440 5062
4450 5061
4460 5062
4470 5064
4480 4918
4490 4918
4500 4919
4510 4917
4510 4918
4520 4918
4530 4917
4540 4919
4550 4779
4560 4777
4570 4779
4580 4777
4590 4781
4600 4641
4610 4641
4620 4641
4630 4641
4640 4641
4650 4641
4660 4641
4670 4641
4680 4641
4690 4503
4700 4501
4710 4504
4720 4503
4730 4506
4740 4369
4750 4368
4760 4368
4770 4368
4780 4369
4790 4369
4800 4369
4810 4368
4830 4236
4840 4236
4850 4236
4860 4236
4870 4236
4880 4105
4890 4106
4900 4106
4910 4106
4920 4106
4930 4106
4940 4106
4950 4105
4960 4106
4970 4104
4980 3975
4990 3976
5000 3975
5010 3975
5020 3975
5020 3975
5030 3848
5040 3848
5050 3849
5060 3849
5070 3848
5080 3849
5090 3849
5100 3848
5110 3848
5120 3847
5120 3847
5130 3847
5140 3847
5150 3723
5160 3723
5160 3723
5170 3723
5180 3725
5190 3601
5200 3602
5210 3602
5220 3602
5230 3602
5240 3602
5250 3602
5260 3602
5270 3602
5280 3602
5290 3602
5300 3602
5310 3602
5320 3479
5330 3479
5340 3479
5340 3479
5350 3479
5360 3362
5370 3362
5380 3362
5390 3363
5400 3362
5410 3363
5430 3362
5440 3362
5450 3362
5460 3362
5470 3362
5480 3362
5490 3362
5500 3362
5510 3245
5520 3245
5530 3245
5540 3130
5550 3130
5560 3130
5570 3130
5580 3129
5590 3129
5600 3129
5610 3130
5620 3131
5630 3130
5640 3130
5650 3130
5660 3130
5670 3130
5680 3130
5690 3128
5700 3129
5710 3015
5720 3015
5730 2904
5740 2904
5750 2904
5760 2904
5770 2904
5770 2904
5780 2904
5790 2904
5800 2906
5810 2906
5820 2906
5830 2906
5840 2907
5850 2906
5860 2906
5870 2906
5880 2907
5890 2906
5900 2906
5900 2906
5910 2906
5920 2795
5930 2795
5930 2795
5940 2688
5950 2688
5960 2688
5970 2687
5980 2690
5990 2689
6000 2690
6010 2690
6020 2690
6030 2690
6040 2690
6050 2690
6060 2690
6070 2690
6080 2691
6090 2690
6100 2690
6120 2690
6120 2690
6130 2691
6140 2689
6150 2638
6160 2480
6170 2480
6180 2482
6190 2482
6200 2482
6210 2482
6220 2482
6230 2482
6240 2482
6250 2482
6260 2482
6270 2482
6280 2482
6290 2482
6300 2482
6310 2482
6320 2482
6330 2482
6340 2482
6350 2483
6360 2482
6370 2483
6380 2482
6390 2482
6400 2482
6410 2282
6420 2283
6420 2282
6430 2282
6440 2283
6450 2283
6460 2283
6470 2282
6480 2282
6490 2282
6500 2282
6510 2283
6520 2283
6530 2283
6540 2282
6550 2282
6560 2282
6570 2282
6580 2283
6590 2283
6600 2283
6610 2283
6620 2283
6630 2282
6640 2282
6650 2283
6660 2284
6670 2185
6680 2089
6690 2088
6700 2088
6710 2088
6720 2089
6730 2089
6740 2089
6750 2090
6760 2089
6770 2090
6780 2089
6790 2090
6800 2089
6810 2089
6820 2090
6830 2089
6840 2090
6850 2089
6860 2090
6870 2089
6880 2090
6890 2090
6900 2090
6910 2090
6920 2090
6940 2090
6950 1997
6960 1997
6970 1951
6980 1907
6990 1907
7000 1906
7010 1906
7020 1907
7030 1906
7040 1906
7050 1906
7060 1907
7070 1906
7080 1906
7090 1907
7100 1906
7110 1906
7120 1906
7130 1906
7140 1906
7150 1906
7160 1906
7170 1906
7180 1906
7190 1906
7200 1905
7210 1905
7220 1905
7230 1905
7240 1905
7250 1905
7260 1816
7270 1816
7280 1817
7290 1816
7300 1730
7310 1730
7320 1730
7330 1730
7340 1730
7350 1730
7360 1730
7370 1730
7370 1730
7380 1730
7390 1730
7400 1730
7410 1730
7420 1730
7430 1730
7440 1730
7450 1730
7460 1730
7470 1730
7470 1730
7480 1730
7490 1730
7500 1730
7510 1730
7520 1731
7530 1730
7540 1731
7550 1730
7560 1730
7570 1730
7580 1729
7590 1730
7600 1644
7610 1645
7620 1644
7630 1644
7640 1645
7650 1602
7660 1561
7670 1561
7680 1561
7690 1561
7700 1561
7710 1561
7720 1561
7730 1561
7740 1561
7750 1561
7760 1561
7770 1561
7780 1561
7790 1561
7800 1561
7810 1561
7810 1561
7820 1562
7830 1562
7840 1562
7850 1562
7860 1562
7870 1562
7880 1563
7890 1562
7900 1563
7910 1563
7920 1563
7930 1561
7940 1561
7950 1562
7960 1561
7970 1481
7970 1481
7980 1481
7990 1481
8000 1480
8010 1480
8030 1481
8040 1481
8050 1400
8060 1401
8070 1401
8080 1401
8090 1401
8110 1402
8120 1401
8130 1402
8140 1401
8150 1401
8160 1401
8170 1402
8180 1402
8190 1401
8200 1402
8210 1400
8220 1400
8230 1400
8240 1402
8250 1403
8270 1403
8280 1402
8290 1402
8300 1402
8310 1403
8320 1403
8330 1402
8340 1403
8350 1402
8360 1403
8380 1325
8390 1325
8400 1326
8410 1325
8420 1326
8430 1326
8440 1326
8450 1326
8460 1326
8470 1326
8470 1326
8480 1258
8480 1258
8490 1258
8500 1258
8510 1258
8520 1259
8530 1259
8540 1259
8550 1259
8570 1259
8580 1259
8590 1259
8600 1258
8610 1258
8620 1258
8630 1258
8640 1258
8650 1258
8660 1258
8670 1258
8680 1258
8690 1258
8700 1258
8710 1258
8720 1258
8730 1258
8740 1258
8750 1258
8760 1258
8770 1258
8780 1258
8780 1258
8790 1258
8800 1258
8810 1258
8820 1258
8830 1192
8840 1192
8850 1192
8860 1192
8870 1192
8880 1192
8890 1192
8900 1192
8910 1192
8920 1192
8930 1192
8940 1192
8950 1192
8960 1192
8970 1129
8980 1129
8990 1129
9010 1129
9020 1129
9030 1129
9040 1129
9050 1129
9060 1129
9070 1129
9080 1129
9090 1129
9100 1129
9100 1129
9110 1129
9120 1129
9130 1129
9140 1129
9150 1129
9160 1129
9170 1129
9180 1129
9190 1129
9200 1129
9210 1129
9220 1129
9230 1129
9240 1129
9250 1129
9260 1130
9270 1130
9280 1130
9300 1130
9310 1130
9310 1130
9320 1130
9330 1068
9340 1068
9350 1068
9360 1069
9360 1068
9370 1068
9380 1069
9390 1068
9400 1069
9410 1068
9420 1068
9430 1069
9440 1067
9450 1068
9460 1068
9470 1069
9480 1068
9490 1067
9500 1068
9510 1005
9520 1002
9530 1004
9540 1003
9550 1002
9560 1002
9570 1004
9580 1003
9590 1002
9600 1003
9610 1003
9620 1002
9630 1002
9640 1003
9650 1003
9660 1002
9670 1003
9680 1003
9690 1002
9700 1002
9710 1003
9720 1003
9730 1002
9740 1003
9750 1002
9760 1002
9770 1002
9780 1002
9790 1003
9800 1002
9810 1002
9810 1003
9820 1003
9830 1002
9840 1002
9850 1003
9860 1003
9870 1002
9880 1005
9890 1005
9900 941
9910 940
9920 942
9930 941
9940 940
9950 943
9960 943
9970 941
9980 940
9990 942
10000 941
10010 941
10020 944
10030 944
10040 942
10050 940
10070 942
10080 941
10090 944
10100 944
10110 943
10120 877
10130 878
10140 877
10140 878
10150 876
10160 877
10170 876
10180 878
10190 876
10200 877
10210 878
10220 875
10230 877
10240 875
10250 878
10260 876
10270 876
10280 877
10290 875
10300 876
10310 875
10320 878
10330 876
10340 876
10350 877
10360 875
10370 877
10380 876
10390 876
10390 878
10400 876
10410 876
10420 877
10430 875
10440 877
10450 876
10460 878
10470 876
10480 876
10490 878
10500 875
10510 878
10520 877
10530 847
10540 816
10550 815
10560 819
10570 815
10580 817
10590 816
10600 817
10610 818
10620 817
10630 819
10640 815
10650 818
10660 817
10670 819
10680 819
10690 818
10700 820
10710 817
10720 818
10730 817
10740 819
10750 819
10760 820
10770 820
10780 819
10790 819
10800 818
10810 820
10820 763
10830 765
10840 763
10850 765
10860 764
10870 764
10880 763
10890 763
10900 765
10910 763
10920 765
10930 764
10940 764
10950 763
10960 763
10970 764
10980 763
10990 765
11000 763
11010 764
11020 763
11030 763
11040 764
11050 763
11060 765
11070 763
11080 764
11090 763
11100 763
11110 764
11120 763
11130 765
11140 763
11150 764
11160 763
11170 763
11180 764
11190 763
11200 765
11210 763
11220 764
11230 763
11240 763
11250 764
11260 712
11270 712
11280 712
11290 712
11300 712
11310 712
11320 712
11330 712
11340 712
11350 712
11360 712
11370 713
11380 713
11390 713
11400 713
11410 713
11420 713
11430 713
11440 713
11450 713
11450 713
11460 713
11470 713
11480 713
11480 713
11490 713
11500 713
11510 713
11520 713
11530 713
11540 713
11550 713
11560 713
11570 713
11580 713
11590 713
11600 713
11610 713
11620 663
11630 663
11640 663
11650 663
11660 663
11670 663
11680 663
11690 663
11700 663
11710 663
11720 663
11730 663
11740 663
11750 663
11760 663
11770 663
11780 663
11790 663
11800 663
11810 663
11820 663
11830 663
11840 663
11850 663
11860 663
11870 663
11880 663
11890 663
11910 663
11920 663
11930 663
11940 663
11950 663
11960 663
11970 663
11980 663
11990 663
12000 663
12010 663
12020 663
12030 663
12040 663
12050 663
12060 663
12070 663
12080 663
12090 639
12100 613
12110 613
12120 613
12130 613
12140 613
12150 614
12160 613
12170 613
12180 613
12190 613
12200 613
12210 613
12220 613
12220 613
12230 613
12240 613
12250 613
12260 613
12270 613
12280 613
12290 613
12300 613
12310 613
12320 613
12330 613
12340 613
12350 613
12360 613
12370 613
12380 613
12390 613
12400 613
12410 613
12420 613
12430 613
12440 613
12450 613
12460 613
12470 613
12480 613
12490 613
12500 613
12510 613
12520 613
12530 613
12540 613
12550 564
12560 562
12570 563
12580 562
12590 561
12600 562
12610 562
12620 562
12630 562
12650 562
12660 561
12670 562
12680 562
12690 562
12700 562
12710 562
12720 562
12730 561
12740 562
12750 562
12760 562
12770 562
12780 561
12780 562
12790 562
12790 562
12800 561
12810 562
12820 562
12830 563
12840 563
12850 563
12860 563
12870 562
12890 562
12900 563
12910 563
12920 563
12930 563
12940 562
12950 563
12960 562
12970 563
12970 563
12980 563
12990 563
13000 562
13010 562
13020 563
13030 562
13040 562
13050 562
13060 514
13070 514
13080 516
13090 514
13100 515
13110 515
13120 515
13130 514
13140 514
13150 516
13160 515
13170 515
13180 514
13180 515
13190 515
13200 514
13210 514
13220 516
13230 515
13240 515
13260 515
13270 514
13280 515
13290 516
13300 516
13310 515
13320 516
13330 514
13340 515
13350 516
13360 515
13370 515
13380 515
13390 516
13400 515
13410 515
13430 514
13440 514
13450 515
13460 516
13470 515
13480 515
13490 514
13500 514
13510 514
13520 515
13530 516
13540 515
13550 515
13560 514
13570 514
13580 514
13590 515
13600 516
13610 514
13620 514
13630 514
13640 468
13650 469
13660 469
13670 468
13680 469
13690 468
13700 469
13710 468
13720 468
13730 469
13740 468
13740 468
13750 469
13760 468
13770 469
13780 468
13790 468
13800 469
13810 468
13820 469
13830 468
13840 469
13850 468
13860 468
13870 469
13880 468
13890 469
13910 468
13920 468
13930 468
13940 469
13950 468
13960 468
13970 468
13980 469
13990 469
14000 469
14010 470
14020 469
14030 469
14040 469
14050 469
14060 469
14060 469
14070 469
14080 469
14090 469
14100 469
14110 469
14120 469
14130 469
14140 469
14150 469
14160 469
14170 469
14180 469
14190 449
14200 429
14210 429
14220 429
14230 429
14240 429
14250 429
14260 429
14270 429
14280 429
14290 429
14300 429
14310 429
14320 429
14330 429
14340 429
14350 429
14360 429
14370 429
14380 429
14390 429
14400 429
14410 429
14420 429
14430 429
14440 429
14450 429
14460 429
14470 429
14480 429
14490 429
14500 429
14510 429
14520 429
14530 429
14540 429
14550 429
14550 429
14560 429
14570 429
14580 429
14590 429
14600 429
14610 429
14620 429
14630 429
14640 429
14650 429
14660 429
14670 429
14680 429
14690 429
14700 429
14710 429
14720 429
14730 429
14740 429
14750 429
14760 429
14770 429
14780 429
14790 429
14800 429
14810 429
14820 429
14830 429
14840 429
14850 429
14860 429
14870 429
14880 429
14890 429
14900 429
14910 429
14920 429
14930 429
14940 391
14950 391
14960 391
14980 391
14980 391
14990 391
15000 391
15010 391
15020 391
15030 391
15040 391
15050 391
15060 391
15070 391
15080 391
15090 391
15100 391
15110 391
15120 391
15130 391
15140 391
15150 391
15160 391
15170 391
15180 391
15200 391
15210 391
15220 391
15230 391
15240 391
15250 391
15270 391
15280 391
15290 391
15300 391
15310 391
15320 391
15330 391
15350 391
15360 391
15370 391
15380 391
15390 391
15400 391
15410 391
15420 391
15430 391
15440 391
15450 391
15460 391
15470 391
15480 391
15490 391
15500 391
15510 391
15520 391
15530 391
15550 352
15560 352
15570 352
15580 352
15590 352
15600 352
15610 352
15620 352
15630 352
15640 352
15650 352
15660 352
15670 352
15680 352
15690 352
15700 352
15710 352
15720 352
15730 353
15740 353
15750 353
15760 353
15770 353
15780 353
15790 353
15800 353
15810 353
15820 353
15840 353
15850 353
15860 353
15870 353
15880 353
15890 353
15900 353
15910 353
15920 353
15930 353
15940 353
15950 353
15960 353
15970 353
15990 353
16000 353
16010 353
16020 353
16030 353
16040 353
16050 353
16060 353
16070 353
16080 353
16090 353
16100 353
16110 353
16120 353
16130 353
16140 353
16150 353
16160 353
16170 353
16180 353
16190 353
16200 353
16210 353
16220 353
16230 353
16240 353
16250 353
16260 353
16270 353
16280 353
16290 353
16300 353
16310 353
16320 353
16340 353
16350 353
16360 353
16370 353
16380 353
16380 353
16390 353
16400 353
16410 353
16420 353
16430 353
16440 353
16450 353
16460 353
16470 353
16480 353
16490 353
16500 353
16510 315
16520 316
16530 315
16540 315
16550 314
16560 316
16570 316
16580 315
16590 316
16600 315
16610 315
16620 314
16630 316
16640 316
16650 315
16660 316
16670 315
16680 315
16690 314
16700 316
16710 316
16720 315
16730 316
16740 315
16750 315
16760 314
16770 317
16780 317
16790 316
16800 316
16810 315
16820 315
16830 314
16840 316
16850 316
16860 315
16870 316
16880 316
16890 316
16900 314
16910 316
16920 317
16930 316
16940 317
16950 317
